1000000000011111
0100000000011111
0010000000011111
0001000000011111
0000100000011111
0000010000011111
0000001000011111
0000000100011111
0000000010011111
0000000001011111
1000000000101111
0100000000101111
0010000000101111
0001000000101111
0000100000101111
0000010000101111
0000001000101111
0000000100101111
0000000010101111
1000000001001111
0100000001001111
0010000001001111
0001000001001111
0000100001001111
0000010001001111
0000001001001111
0000000101001111
0000000110001111
1000000010001111
0100000010001111
0010000010001111
0001000010001111
0000100010001111
0000010010001111
0000001010001111
0000001100001111
1000000100001111
0100000100001111
0010000100001111
0001000100001111
0000100100001111
0000010100001111
0000011000001111
1000001000001111
0100001000001111
0010001000001111
0001001000001111
0000101000001111
0000110000001111
1000010000001111
0100010000001111
0010010000001111
0001010000001111
0001100000001111
1000100000001111
0100100000001111
0010100000001111
0011000000001111
1001000000001111
0101000000001111
0110000000001111
1010000000001111
1100000000001111
1110000000000111
1101000000000111
1011000000000111
0111000000000111
0110100000000111
1010100000000111
1100100000000111
1001100000000111
0101100000000111
0011100000000111
0011010000000111
1001010000000111
0101010000000111
0110010000000111
1010010000000111
1100010000000111
1000110000000111
0100110000000111
0010110000000111
0001110000000111
0001101000000111
1000101000000111
0100101000000111
0010101000000111
0011001000000111
1001001000000111
0101001000000111
0110001000000111
1010001000000111
1100001000000111
1000011000000111
0100011000000111
0010011000000111
0001011000000111
0000111000000111
0000110100000111
1000010100000111
0100010100000111
0010010100000111
0001010100000111
0001100100000111
1000100100000111
0100100100000111
0010100100000111
0011000100000111
1001000100000111
0101000100000111
0110000100000111
1010000100000111
1100000100000111
1000001100000111
0100001100000111
0010001100000111
0001001100000111
0000101100000111
0000011100000111
0000011010000111
1000001010000111
0100001010000111
0010001010000111
0001001010000111
0000101010000111
0000110010000111
1000010010000111
0100010010000111
0010010010000111
0001010010000111
0001100010000111
1000100010000111
0100100010000111
0010100010000111
0011000010000111
1001000010000111
0101000010000111
0110000010000111
1010000010000111
1100000010000111
1000000110000111
0100000110000111
0010000110000111
0001000110000111
0000100110000111
0000010110000111
0000001110000111
0000001101000111
1000000101000111
0100000101000111
0010000101000111
0001000101000111
0000100101000111
0000010101000111
0000011001000111
1000001001000111
0100001001000111
0010001001000111
0001001001000111
0000101001000111
0000110001000111
1000010001000111
0100010001000111
0010010001000111
0001010001000111
0001100001000111
1000100001000111
0100100001000111
0010100001000111
0011000001000111
1001000001000111
0101000001000111
0110000001000111
1010000001000111
1100000001000111
1000000011000111
0100000011000111
0010000011000111
0001000011000111
0000100011000111
0000010011000111
0000001011000111
0000000111000111
0000000110100111
1000000010100111
0100000010100111
0010000010100111
0001000010100111
0000100010100111
0000010010100111
0000001010100111
0000001100100111
1000000100100111
0100000100100111
0010000100100111
0001000100100111
0000100100100111
0000010100100111
0000011000100111
1000001000100111
0100001000100111
0010001000100111
0001001000100111
0000101000100111
0000110000100111
1000010000100111
0100010000100111
0010010000100111
0001010000100111
0001100000100111
1000100000100111
0100100000100111
0010100000100111
0011000000100111
1001000000100111
0101000000100111
0110000000100111
1010000000100111
1100000000100111
0000000011010111
1000000001010111
0100000001010111
0010000001010111
0001000001010111
0000100001010111
0000010001010111
0000001001010111
0000000101010111
0000000110010111
1000000010010111
0100000010010111
0010000010010111
0001000010010111
0000100010010111
0000010010010111
0000001010010111
0000001100010111
1000000100010111
0100000100010111
0010000100010111
0000100100010111
0000010100010111
0000011000010111
1000001000010111
0100001000010111
0010001000010111
0001001000010111
0000101000010111
0000110000010111
1000010000010111
0100010000010111
0010010000010111
0001010000010111
0001100000010111
1000100000010111
0100100000010111
0010100000010111
0011000000010111
1001000000010111
0101000000010111
0110000000010111
1010000000010111
1100000000010111
0000000011011011
1000000001011011
0100000001011011
0010000001011011
0001000001011011
0000100001011011
0000010001011011
0000001001011011
0000000101011011
0000000110011011
1000000010011011
0100000010011011
0010000010011011
0001000010011011
0000010010011011
0000001010011011
0000001100011011
1000000100011011
0100000100011011
0010000100011011
0000100100011011
0000010100011011
0000011000011011
1000001000011011
0100001000011011
0010001000011011
0001001000011011
0000101000011011
0000110000011011
1000010000011011
0100010000011011
0010010000011011
0001010000011011
0001100000011011
1000100000011011
0100100000011011
0010100000011011
0011000000011011
1001000000011011
0101000000011011
0110000000011011
1010000000011011
1100000000011011
1101000000001011
1011000000001011
0111000000001011
0110100000001011
1010100000001011
1100100000001011
1001100000001011
0101100000001011
0011100000001011
0011010000001011
1001010000001011
0101010000001011
0110010000001011
1010010000001011
1100010000001011
1000110000001011
0100110000001011
0010110000001011
0001110000001011
0001101000001011
1000101000001011
0100101000001011
0010101000001011
0011001000001011
1001001000001011
0101001000001011
0110001000001011
1010001000001011
1100001000001011
1000011000001011
0100011000001011
0010011000001011
0001011000001011
0000111000001011
0000110100001011
1000010100001011
0100010100001011
0010010100001011
0001010100001011
0001100100001011
1000100100001011
0100100100001011
0010100100001011
1001000100001011
0101000100001011
0110000100001011
1010000100001011
1100000100001011
1000001100001011
0100001100001011
0010001100001011
0001001100001011
0000101100001011
0000011100001011
0000011010001011
0100001010001011
0010001010001011
0001001010001011
1000010010001011
0100010010001011
0010010010001011
0001010010001011
0011000010001011
0101000010001011
0110000010001011
1100000010001011
0100000110001011
0010000110001011
0000010110001011
0000001110001011
0000001101001011
1000000101001011
0100000101001011
0010000101001011
0000100101001011
0000010101001011
0000011001001011
1000001001001011
0100001001001011
0010001001001011
0001001001001011
0000101001001011
0000110001001011
1000010001001011
0100010001001011
0010010001001011
0001010001001011
0001100001001011
1000100001001011
0100100001001011
0010100001001011
0011000001001011
1001000001001011
0101000001001011
0110000001001011
1010000001001011
1100000001001011
1000000011001011
0100000011001011
0010000011001011
0001000011001011
0000010011001011
0000001011001011
0000000111001011
0000000110101011
0100000010101011
0010000010101011
0001000010101011
0000010010101011
0000001010101011
0000001100101011
1000000100101011
0100000100101011
0010000100101011
0000100100101011
0000010100101011
0000011000101011
1000001000101011
0100001000101011
0010001000101011
0001001000101011
0000101000101011
0000110000101011
1000010000101011
0100010000101011
0010010000101011
0001010000101011
0001100000101011
1000100000101011
0100100000101011
0010100000101011
0011000000101011
1001000000101011
0101000000101011
0110000000101011
1010000000101011
1100000000101011
1000000001101011
0100000001101011
0010000001101011
0001000001101011
0000100001101011
0000010001101011
0000001001101011
0000000101101011
0000000011101011
1011000000010011
0111000000010011
0110100000010011
1010100000010011
1100100000010011
1001100000010011
0101100000010011
0011100000010011
0011010000010011
1001010000010011
0101010000010011
0110010000010011
1010010000010011
1100010000010011
1000110000010011
0100110000010011
0010110000010011
0001110000010011
0001101000010011
1000101000010011
0100101000010011
0010101000010011
0011001000010011
1001001000010011
0101001000010011
0110001000010011
1010001000010011
1100001000010011
1000011000010011
0100011000010011
0010011000010011
0001011000010011
0000111000010011
0000110100010011
1000010100010011
0100010100010011
0010010100010011
1000100100010011
0100100100010011
0010100100010011
0110000100010011
1010000100010011
1100000100010011
1000001100010011
0100001100010011
0010001100010011
0000101100010011
0000011100010011
0000011010010011
1000001010010011
0100001010010011
0010001010010011
0001001010010011
0000101010010011
0000110010010011
1000010010010011
0100010010010011
0010010010010011
0001010010010011
0001100010010011
1000100010010011
0100100010010011
0010100010010011
0011000010010011
1001000010010011
0101000010010011
0110000010010011
1010000010010011
1100000010010011
1000000110010011
0100000110010011
0010000110010011
0000100110010011
0000010110010011
0000001110010011
0000001101010011
1000000101010011
0100000101010011
0010000101010011
0000100101010011
0000010101010011
0000011001010011
1000001001010011
0100001001010011
0010001001010011
0001001001010011
0000101001010011
0000110001010011
1000010001010011
0100010001010011
0010010001010011
0001010001010011
0001100001010011
1000100001010011
0100100001010011
0010100001010011
0011000001010011
1001000001010011
0101000001010011
0110000001010011
1010000001010011
1100000001010011
1000000011010011
0100000011010011
0010000011010011
0001000011010011
0000100011010011
0000010011010011
0000001011010011
0000000111010011
0000000111100011
1000000011100011
0100000011100011
0010000011100011
0001000011100011
0000100011100011
0000010011100011
0000001011100011
0000001101100011
1000000101100011
0100000101100011
0010000101100011
0000100101100011
0000010101100011
1000001001100011
0100001001100011
0010001001100011
0001001001100011
0000101001100011
0000110001100011
1000010001100011
0100010001100011
0010010001100011
0001010001100011
0001100001100011
1000100001100011
0100100001100011
0010100001100011
0011000001100011
1001000001100011
0101000001100011
0110000001100011
1010000001100011
1100000001100011
1011000000100011
0111000000100011
0110100000100011
1010100000100011
1001100000100011
0101100000100011
0011100000100011
0011010000100011
1001010000100011
0101010000100011
0110010000100011
1010010000100011
1100010000100011
1000110000100011
0100110000100011
0010110000100011
0001110000100011
0001101000100011
1000101000100011
0100101000100011
0010101000100011
0011001000100011
1001001000100011
0101001000100011
0110001000100011
1010001000100011
1100001000100011
1000011000100011
0100011000100011
0010011000100011
0001011000100011
0000111000100011
0000110100100011
1000010100100011
0100010100100011
0010010100100011
1000100100100011
0100100100100011
0010100100100011
0110000100100011
1010000100100011
1100000100100011
1000001100100011
0100001100100011
0010001100100011
0000101100100011
0000011100100011
0000011010100011
1000001010100011
0100001010100011
0010001010100011
0001001010100011
0000101010100011
0000110010100011
1000010010100011
0100010010100011
0010010010100011
0001010010100011
0001100010100011
1000100010100011
0100100010100011
0010100010100011
0011000010100011
1001000010100011
0101000010100011
0110000010100011
1010000010100011
1100000010100011
1000000110100011
0100000110100011
0010000110100011
0000100110100011
0000010110100011
0000001110100011
0000001111000011
1000000111000011
0100000111000011
0010000111000011
0000100111000011
0000010111000011
0000011011000011
1000001011000011
0100001011000011
0010001011000011
0001001011000011
0000101011000011
1000010011000011
0100010011000011
0010010011000011
0001010011000011
0001100011000011
1000100011000011
0100100011000011
0010100011000011
0011000011000011
1001000011000011
0101000011000011
0110000011000011
1010000011000011
1100000011000011
1011000001000011
0111000001000011
0110100001000011
1010100001000011
1001100001000011
0101100001000011
0011100001000011
0011010001000011
1001010001000011
0101010001000011
0110010001000011
1010010001000011
1000110001000011
0100110001000011
0010110001000011
0001110001000011
0001101001000011
1000101001000011
0100101001000011
0010101001000011
0011001001000011
1001001001000011
0101001001000011
0110001001000011
1010001001000011
1100001001000011
1000011001000011
0100011001000011
0010011001000011
0001011001000011
0000111001000011
0000110101000011
1000010101000011
0100010101000011
0010010101000011
1000100101000011
0100100101000011
0010100101000011
0110000101000011
1010000101000011
1100000101000011
1000001101000011
0100001101000011
0010001101000011
0000101101000011
0000011101000011
0000011110000011
1000001110000011
0100001110000011
0010001110000011
0000101110000011
0000110110000011
1000010110000011
0100010110000011
0010010110000011
1000100110000011
0100100110000011
0010100110000011
0110000110000011
1010000110000011
1100000110000011
1011000010000011
0111000010000011
0110100010000011
1010100010000011
1001100010000011
0101100010000011
0011100010000011
0011010010000011
1001010010000011
0101010010000011
0110010010000011
1010010010000011
1000110010000011
0100110010000011
0010110010000011
0001110010000011
0001101010000011
1000101010000011
0100101010000011
0010101010000011
0011001010000011
1001001010000011
0101001010000011
0110001010000011
1010001010000011
1000011010000011
0100011010000011
0010011010000011
0001011010000011
0000111010000011
0000111100000011
1000011100000011
0100011100000011
0010011100000011
1000101100000011
0100101100000011
0010101100000011
0110001100000011
1010001100000011
0110100100000011
1010100100000011
0110010100000011
1010010100000011
1000110100000011
0100110100000011
0010110100000011
0001111000000011
1000111000000011
0100111000000011
0010111000000011
0011011000000011
1001011000000011
0101011000000011
1010011000000011
1011001000000011
0111001000000011
0110101000000011
1010101000000011
1001101000000011
0101101000000011
0011101000000011
0011110000000011
1001110000000011
0101110000000011
0110110000000011
1010110000000011
1011010000000011
0111010000000011
0111100000000011
1011100000000011
1011110000000001
0111110000000001
0111101000000001
1011101000000001
1011011000000001
1010111000000001
1001111000000001
0101111000000001
0011111000000001
0110110100000001
1010110100000001
0110101100000001
1010101100000001
1010011100000001
1000111100000001
0100111100000001
0010111100000001
0001111010000001
1000111010000001
0100111010000001
0010111010000001
0011011010000001
1001011010000001
0101011010000001
1010011010000001
1011001010000001
0111001010000001
0110101010000001
1010101010000001
1001101010000001
0101101010000001
0011101010000001
0011110010000001
1001110010000001
0101110010000001
0110110010000001
1010110010000001
1011010010000001
0111010010000001
0111100010000001
1011100010000001
0110100110000001
1010100110000001
0110010110000001
1010010110000001
1000110110000001
0100110110000001
0010110110000001
1000101110000001
0100101110000001
0010101110000001
0110001110000001
1010001110000001
1000011110000001
0100011110000001
0010011110000001
0000111110000001
0000111101000001
1000011101000001
0100011101000001
0010011101000001
1000101101000001
0100101101000001
0010101101000001
0110001101000001
1010001101000001
0110100101000001
1010100101000001
0110010101000001
1010010101000001
1000110101000001
0100110101000001
0010110101000001
0001111001000001
1000111001000001
0100111001000001
0010111001000001
0011011001000001
1001011001000001
0101011001000001
1010011001000001
1011001001000001
0111001001000001
0110101001000001
1010101001000001
1001101001000001
0101101001000001
0011101001000001
0011110001000001
1001110001000001
0101110001000001
0110110001000001
1010110001000001
1011010001000001
0111010001000001
0111100001000001
1011100001000001
1011000011000001
0111000011000001
0110100011000001
1010100011000001
1001100011000001
0101100011000001
0011100011000001
0011010011000001
1001010011000001
0101010011000001
0110010011000001
1010010011000001
0001101011000001
1000101011000001
0100101011000001
0010101011000001
0011001011000001
1001001011000001
0101001011000001
0110001011000001
1010001011000001
1000011011000001
0100011011000001
0010011011000001
0001011011000001
1000010111000001
0100010111000001
0010010111000001
1000100111000001
0100100111000001
0010100111000001
0110000111000001
1010000111000001
1000001111000001
0100001111000001
0010001111000001
0000101111000001
0000011111000001
0000011110100001
0100001110100001
0010001110100001
0000101110100001
0000110110100001
1000010110100001
0100010110100001
0010010110100001
1000100110100001
0100100110100001
0010100110100001
0110000110100001
1010000110100001
1011000010100001
0111000010100001
0110100010100001
1010100010100001
1001100010100001
0101100010100001
0011100010100001
0011010010100001
1001010010100001
0101010010100001
0110010010100001
1010010010100001
1000110010100001
0100110010100001
0010110010100001
0001110010100001
0001101010100001
1000101010100001
0100101010100001
0010101010100001
0011001010100001
1001001010100001
0101001010100001
0110001010100001
1010001010100001
1000011010100001
0100011010100001
0010011010100001
0001011010100001
0000111010100001
0000111100100001
1000011100100001
0100011100100001
0010011100100001
1000101100100001
0100101100100001
0010101100100001
0110001100100001
1010001100100001
0110100100100001
1010100100100001
0110010100100001
1010010100100001
1000110100100001
0100110100100001
0010110100100001
0001111000100001
1000111000100001
0100111000100001
0010111000100001
0011011000100001
1001011000100001
0101011000100001
1010011000100001
1011001000100001
0111001000100001
0110101000100001
1010101000100001
1001101000100001
0101101000100001
0011101000100001
0011110000100001
1001110000100001
0101110000100001
0110110000100001
1010110000100001
1011010000100001
0111010000100001
0111100000100001
1011100000100001
1011000001100001
0111000001100001
0110100001100001
1010100001100001
1001100001100001
0101100001100001
0011100001100001
0011010001100001
1001010001100001
0101010001100001
0110010001100001
1010010001100001
1000110001100001
0100110001100001
0010110001100001
0001110001100001
0001101001100001
1000101001100001
0100101001100001
0010101001100001
0011001001100001
1001001001100001
0101001001100001
0110001001100001
1010001001100001
0000110101100001
0100010101100001
0010010101100001
1000100101100001
0100100101100001
0010100101100001
0110000101100001
1010000101100001
0100001101100001
0010001101100001
0000101101100001
0100001011100001
0010001011100001
0001001011100001
0000101011100001
0100010011100001
0010010011100001
0001010011100001
0001100011100001
1000100011100001
0100100011100001
0010100011100001
0011000011100001
1001000011100001
0101000011100001
0110000011100001
1010000011100001
0100000111100001
0010000111100001
0000100111100001
0000010111100001
0000001111100001
0000001111010001
0100000111010001
0010000111010001
0000100111010001
0000010111010001
0000011011010001
0100001011010001
0010001011010001
0001001011010001
0000101011010001
0100010011010001
0010010011010001
0001010011010001
0001100011010001
1000100011010001
0100100011010001
0010100011010001
0011000011010001
1001000011010001
0101000011010001
0110000011010001
1010000011010001
1011000001010001
0111000001010001
0110100001010001
1010100001010001
1001100001010001
0101100001010001
0011100001010001
0011010001010001
1001010001010001
0101010001010001
0110010001010001
1010010001010001
1000110001010001
0100110001010001
0010110001010001
0001110001010001
0001101001010001
1000101001010001
0100101001010001
0010101001010001
0011001001010001
1001001001010001
0101001001010001
0110001001010001
1010001001010001
0100011001010001
0010011001010001
0001011001010001
0000111001010001
0000110101010001
0100010101010001
0010010101010001
1000100101010001
0100100101010001
0010100101010001
0110000101010001
1010000101010001
0100001101010001
0010001101010001
0000101101010001
0000011101010001
0000011110010001
0100001110010001
0010001110010001
0000101110010001
0000110110010001
0100010110010001
0010010110010001
1000100110010001
0100100110010001
0010100110010001
0110000110010001
1010000110010001
1011000010010001
0111000010010001
0110100010010001
1010100010010001
1001100010010001
0101100010010001
0011100010010001
0011010010010001
1001010010010001
0101010010010001
0110010010010001
1010010010010001
1000110010010001
0100110010010001
0010110010010001
0001110010010001
0001101010010001
0100101010010001
0010101010010001
0011001010010001
1001001010010001
0101001010010001
0110001010010001
1010001010010001
0100011010010001
0010011010010001
0001011010010001
0000111010010001
0000111100010001
0100011100010001
0010011100010001
0100101100010001
0010101100010001
0110001100010001
1010001100010001
0110100100010001
1010100100010001
0110010100010001
1010010100010001
1000110100010001
0100110100010001
0010110100010001
0001111000010001
1000111000010001
0100111000010001
0010111000010001
0011011000010001
1001011000010001
0101011000010001
1010011000010001
1011001000010001
0111001000010001
0110101000010001
1010101000010001
1001101000010001
0101101000010001
0011101000010001
0011110000010001
1001110000010001
0101110000010001
0110110000010001
1010110000010001
1011010000010001
0111010000010001
0111100000010001
1011100000010001
1011000000110001
0111000000110001
0110100000110001
1010100000110001
1001100000110001
0101100000110001
0011100000110001
0011010000110001
1001010000110001
0101010000110001
0110010000110001
1010010000110001
1000110000110001
0100110000110001
0010110000110001
0001110000110001
0001101000110001
0100101000110001
0010101000110001
0011001000110001
1001001000110001
0101001000110001
0110001000110001
1010001000110001
0100011000110001
0010011000110001
0001011000110001
0000111000110001
0000110100110001
0100010100110001
0010010100110001
0100100100110001
0010100100110001
0110000100110001
1010000100110001
0000011010110001
0100001010110001
0010001010110001
0001001010110001
0000101010110001
0000110010110001
0100010010110001
0010010010110001
0001010010110001
0001100010110001
0100100010110001
0010100010110001
0011000010110001
1001000010110001
0101000010110001
0110000010110001
1010000010110001
0100000110110001
0010000110110001
0000100110110001
0000010110110001
0100000101110001
0010000101110001
0000100101110001
0000010101110001
0100001001110001
0010001001110001
0001001001110001
0000101001110001
0000110001110001
0100010001110001
0010010001110001
0001010001110001
0001100001110001
0100100001110001
0010100001110001
0011000001110001
1001000001110001
0101000001110001
0110000001110001
1010000001110001
0100000011110001
0010000011110001
0001000011110001
0000100011110001
0000010011110001
0000001011110001
0000000111110001
0000100101101001
0000101001101001
0000110001101001
0001100001101001
0100100001101001
0010100001101001
1001000001101001
1010000001101001
1011000000101001
0110100000101001
1010100000101001
1001100000101001
0101100000101001
0011100000101001
1001010000101001
1010010000101001
0100110000101001
0010110000101001
0001110000101001
0100101000101001
0010101000101001
1010001000101001
0000111000101001
0000110100101001
0100100100101001
0010100100101001
1010000100101001
0000101100101001
0110100001001001
1010100001001001
1001100001001001
0101100001001001
0011100001001001
0100110001001001
0010110001001001
0001110001001001
0100101001001001
0010101001001001
0000111001001001
0000110101001001
0100100101001001
0010100101001001
0000101101001001
0000111100001001
0100101100001001
0010101100001001
1010001100001001
0110100100001001
1010100100001001
0100110100001001
0010110100001001
0100111000001001
0010111000001001
1011001000001001
0110101000001001
1010101000001001
0011101000001001
0011110000001001
0110110000001001
1010110000001001
0111100000001001
1011100000001001
0110100000011001
1010100000011001
1001100000011001
0101100000011001
0011100000011001
0100110000011001
0010110000011001
0001110000011001
0001101000011001
0100101000011001
0010101000011001
0000111000011001
0000110100011001
0100100100011001
0010100100011001
0000101100011001
0000100101011001
0000101001011001
0000110001011001
0001100001011001
0100100001011001
0010100001011001
0000100100111001
0000101000111001
0000110000111001
0001100000111001
0100100000111001
0010100000111001
0000100001111001
0000000011110101
0100000001110101
0010000001110101
0001000001110101
0000100001110101
0000010001110101
0000001001110101
0000000101110101
0000000110110101
0100000010110101
0010000010110101
0001000010110101
0000100010110101
0000010010110101
0000001010110101
0100000100110101
0010000100110101
0000100100110101
0000010100110101
0000011000110101
0100001000110101
0010001000110101
0001001000110101
0000101000110101
0000110000110101
0100010000110101
0010010000110101
0001010000110101
0001100000110101
0100100000110101
0010100000110101
0011000000110101
0101000000110101
0110000000110101
1010000000110101
1011000000010101
0111000000010101
0110100000010101
1010100000010101
0101100000010101
0011100000010101
0011010000010101
0101010000010101
0110010000010101
1010010000010101
0100110000010101
0010110000010101
0001110000010101
0001101000010101
0100101000010101
0010101000010101
0011001000010101
0101001000010101
0110001000010101
1010001000010101
0100011000010101
0010011000010101
0001011000010101
0000111000010101
0000110100010101
0100010100010101
0010010100010101
0100100100010101
0010100100010101
0110000100010101
1010000100010101
0100001100010101
0010001100010101
0000101100010101
0000011100010101
0000011010010101
0100001010010101
0010001010010101
0001001010010101
0000101010010101
0000110010010101
0100010010010101
0010010010010101
0001010010010101
0001100010010101
0100100010010101
0010100010010101
0011000010010101
0101000010010101
0110000010010101
1010000010010101
0100000110010101
0010000110010101
0000100110010101
0000010110010101
0000001110010101
0000001101010101
0100000101010101
0010000101010101
0000100101010101
0000010101010101
0000011001010101
0100001001010101
0010001001010101
0001001001010101
0000101001010101
0000110001010101
0100010001010101
0010010001010101
0001010001010101
0001100001010101
0100100001010101
0010100001010101
0011000001010101
0101000001010101
0110000001010101
1010000001010101
0100000011010101
0010000011010101
0001000011010101
0000100011010101
0000010011010101
0000001011010101
0000000111010101
0000000111100101
0100000011100101
0010000011100101
0000100011100101
0000010011100101
0000001011100101
0000001101100101
0100000101100101
0010000101100101
0000100101100101
0000010101100101
0100001001100101
0010001001100101
0000101001100101
0000110001100101
0100010001100101
0010010001100101
0100100001100101
0010100001100101
0110000001100101
1010000001100101
0110100000100101
0110010000100101
1010010000100101
0100110000100101
0010110000100101
0100101000100101
0010101000100101
0110001000100101
1010001000100101
0100011000100101
0010011000100101
0000111000100101
0000110100100101
0100010100100101
0010010100100101
0100100100100101
0010100100100101
0110000100100101
1010000100100101
0100001100100101
0010001100100101
0000101100100101
0000011100100101
0000011010100101
0100001010100101
0010001010100101
0000101010100101
0000110010100101
0100010010100101
0010010010100101
0100100010100101
0010100010100101
0110000010100101
1010000010100101
0100000110100101
0010000110100101
0000100110100101
0000010110100101
0000001110100101
0000001111000101
0100000111000101
0010000111000101
0000100111000101
0000010111000101
0000011011000101
0100001011000101
0010001011000101
0000101011000101
0100010011000101
0010010011000101
0100100011000101
0010100011000101
0110000011000101
1010000011000101
0110100001000101
0110010001000101
0100110001000101
0010110001000101
0100101001000101
0010101001000101
0110001001000101
1010001001000101
0100011001000101
0010011001000101
0000111001000101
0000110101000101
0100010101000101
0010010101000101
0100100101000101
0010100101000101
0110000101000101
1010000101000101
0100001101000101
0010001101000101
0000101101000101
0000011101000101
0000011110000101
0100001110000101
0010001110000101
0000101110000101
0000110110000101
0100010110000101
0010010110000101
0100100110000101
0010100110000101
0110000110000101
1010000110000101
0110100010000101
0110010010000101
0100110010000101
0010110010000101
0100101010000101
0010101010000101
0110001010000101
0100011010000101
0010011010000101
0000111010000101
0000111100000101
0100011100000101
0010011100000101
0100101100000101
0010101100000101
0110001100000101
0110100100000101
0110010100000101
0100110100000101
0010110100000101
0100111000000101
0010111000000101
0110101000000101
0110110000000101
0000000110110110
0100000010110110
0010000010110110
0000100010110110
0000010010110110
0000001010110110
0100000100110110
0010000100110110
0000100100110110
0000010100110110
0000011000110110
0100001000110110
0010001000110110
0000101000110110
0000110000110110
0100010000110110
0010010000110110
0100100000110110
0010100000110110
0110000000110110
0110100000010110
0110010000010110
0100110000010110
0010110000010110
0100101000010110
0010101000010110
0110001000010110
0100011000010110
0010011000010110
0000111000010110
0000110100010110
0100010100010110
0010010100010110
0100100100010110
0010100100010110
0110000100010110
0100001100010110
0000101100010110
0000011100010110
0000011010010110
0100001010010110
0010001010010110
0000110010010110
0100010010010110
0010010010010110
0100100010010110
0110000010010110
0100000110010110
0000010110010110
0000001110010110
0000001101010110
0100000101010110
0000100101010110
0000010101010110
0000011001010110
0100001001010110
0010001001010110
0000101001010110
0000110001010110
0100010001010110
0010010001010110
0100100001010110
0010100001010110
0110000001010110
0100000011010110
0010000011010110
0000010011010110
0000001011010110
0000000111010110
0110010000100110
0100110000100110
0010110000100110
0100101000100110
0010101000100110
0110001000100110
0100011000100110
0010011000100110
0000111000100110
0000110100100110
0100010100100110
0010010100100110
0100100100100110
0010100100100110
0110000100100110
0100001100100110
0010001100100110
0000101100100110
0000011100100110
0000011010100110
0100001010100110
0010001010100110
0100010010100110
0010010010100110
0110000010100110
0100000110100110
0010000110100110
0000010110100110
0000001110100110
0000001111000110
0100000111000110
0010000111000110
0000010111000110
0000011011000110
0100001011000110
0010001011000110
0100010011000110
0010010011000110
0110000011000110
0100110001000110
0010110001000110
0100101001000110
0010101001000110
0110001001000110
0100011001000110
0010011001000110
0000111001000110
0000110101000110
0100010101000110
0010010101000110
0100100101000110
0010100101000110
0110000101000110
0100001101000110
0010001101000110
0000101101000110
0000011101000110
0000011110000110
0100001110000110
0010001110000110
0100010110000110
0010010110000110
0110000110000110
0100011010000110
0010011010000110
0000111100000110
0100011100000110
0010011100000110
0100101100000110
0010101100000110
0100110100000110
0010110100000110
0100111000000110
0010111000000110
0100111100000010
0010111100000010
0100011110000010
0010011110000010
0000111101000010
0100011101000010
0010011101000010
0100101101000010
0010101101000010
0010110101000010
0100111001000010
0010111001000010
0100011011000010
0010011011000010
0010010111000010
0100001111000010
0010001111000010
0000011111000010
0000111100100010
0100011100100010
0010011100100010
0100101100100010
0010101100100010
0010110100100010
0100111000100010
0010111000100010
0100110001100010
0010110001100010
0100101001100010
0010101001100010
0010010101100010
0010100101100010
0010001101100010
0000101101100010
0100110001010010
0010110001010010
0100101001010010
0010101001010010
0010011001010010
0000111001010010
0100111000010010
0010111000010010
0100110000110010
0010110000110010
0010101000110010
0010011000110010
0000111000110010
0010001001110010
0000101001110010
0000110001110010
0010010001110010
0010100001110010
0010111001000100
0010111000100100
0010110001100100
0010101001100100
0010110001010100
0010101001010100