generation,best,average
0,1.4235,1.0476
10,3.7438,2.5640
20,3.7972,2.9461
30,4.2329,3.1125
40,4.6413,3.2419
50,4.7351,3.3400
60,5.0518,3.5533
70,5.7585,4.8228
80,6.6401,5.9349
90,7.4907,6.8438
100,8.0603,7.5558
110,8.4979,8.1171
120,8.8047,8.5228
130,9.0205,8.8072
140,9.1986,9.0122
150,9.3115,9.1698
160,9.3997,9.2783
170,9.4553,9.3518
180,9.4978,9.4126
190,9.5302,9.4513
200,9.5541,9.4860
210,9.5786,9.5139
220,9.5968,9.5300
230,9.6081,9.5490
240,9.6194,9.5616
250,9.6318,9.5746
260,9.6405,9.5876
270,9.6484,9.5974
280,9.6571,9.6098
290,9.6650,9.6162
300,9.6708,9.6204
310,9.6774,9.6302
320,9.6819,9.6303
330,9.6887,9.6400
340,9.6926,9.6456
350,9.6971,9.6476
360,9.7009,9.6515
370,9.7039,9.6600
380,9.7073,9.6611
390,9.7090,9.6643
400,9.7130,9.6658
410,9.7130,9.6705
420,9.7156,9.6735
430,9.7168,9.6773
440,9.7184,9.6717
450,9.7208,9.6749
460,9.7223,9.6782
470,9.7238,9.6756
480,9.7257,9.6802
490,9.7283,9.6838
500,9.7288,9.6836
510,9.7307,9.6856
520,9.7329,9.6877
530,9.7348,9.6887
540,9.7356,9.6902
550,9.7372,9.6928
560,9.7385,9.6942
570,9.7410,9.6910
580,9.7418,9.6949
590,9.7432,9.6950
600,9.7452,9.6996
610,9.7465,9.7034
620,9.7477,9.7037
630,9.7487,9.7051
640,9.7497,9.7049
650,9.7509,9.7082
660,9.7518,9.7095
670,9.7531,9.7074
680,9.7543,9.7099
690,9.7553,9.7105
700,9.7559,9.7129
710,9.7562,9.7126
720,9.7577,9.7148
730,9.7581,9.7098
740,9.7591,9.7166
750,9.7596,9.7179
760,9.7605,9.7147
770,9.7610,9.7192
780,9.7623,9.7187
790,9.7631,9.7167
800,9.7633,9.7160
810,9.7641,9.7185
820,9.7647,9.7220
830,9.7653,9.7217
840,9.7656,9.7222
850,9.7660,9.7262
860,9.7667,9.7238
870,9.7677,9.7248
880,9.7686,9.7258
890,9.7688,9.7258
900,9.7700,9.7255
910,9.7719,9.7264
920,9.7719,9.7309
930,9.7723,9.7259
940,9.7729,9.7325
950,9.7735,9.7252
960,9.7736,9.7280
970,9.7749,9.7322
980,9.7751,9.7343
990,9.7754,9.7336
1000,9.7766,9.7325
1010,9.7766,9.7306
1020,9.7770,9.7311
1030,9.7776,9.7338
1040,9.7779,9.7348
1050,9.7788,9.7344
1060,9.7788,9.7332
1070,9.7792,9.7368
1080,9.7800,9.7359
1090,9.7800,9.7330
1100,9.7806,9.7345
1110,9.7808,9.7356
1120,9.7821,9.7365
1130,9.7831,9.7379
1140,9.7840,9.7406
1150,9.7845,9.7379
1160,9.7854,9.7416
1170,9.7854,9.7424
1180,9.7864,9.7436
1190,9.7874,9.7403
1200,9.7874,9.7427
1210,9.7878,9.7460
1220,9.7885,9.7431
1230,9.7886,9.7421
1240,9.7890,9.7461
1250,9.7896,9.7424
1260,9.7899,9.7451
1270,9.7899,9.7439
1280,9.7915,9.7443
1290,9.7915,9.7484
1300,9.7915,9.7492
1310,9.7916,9.7466
1320,9.7921,9.7489
1330,9.7925,9.7507
1340,9.7927,9.7515
1350,9.7932,9.7492
1360,9.7933,9.7494
1370,9.7934,9.7460
1380,9.7941,9.7527
1390,9.7945,9.7517
1400,9.7948,9.7483
1410,9.7955,9.7519
1420,9.7960,9.7502
1430,9.7961,9.7532
1440,9.7967,9.7514
1450,9.7968,9.7513
1460,9.7971,9.7538
1470,9.7973,9.7546
1480,9.7994,9.7537
1490,9.7994,9.7546
1500,9.8000,9.7538
1510,9.8009,9.7592
1520,9.8009,9.7548
1530,9.8012,9.7598
1540,9.8012,9.7571
1550,9.8012,9.7573
1560,9.8015,9.7577
1570,9.8018,9.7560
1580,9.8018,9.7564
1590,9.8022,9.7558
1600,9.8026,9.7577
1610,9.8026,9.7560
1620,9.8029,9.7542
1630,9.8033,9.7584
1640,9.8033,9.7576
1650,9.8035,9.7607
1660,9.8035,9.7600
1670,9.8038,9.7610
1680,9.8039,9.7639
1690,9.8043,9.7590
1700,9.8049,9.7589
1710,9.8049,9.7615
1720,9.8052,9.7641
1730,9.8052,9.7614
1740,9.8058,9.7594
1750,9.8058,9.7612
1760,9.8058,9.7593
1770,9.8060,9.7635
1780,9.8061,9.7606
1790,9.8065,9.7613
1800,9.8069,9.7612
1810,9.8069,9.7614
1820,9.8073,9.7645
1830,9.8075,9.7603
1840,9.8077,9.7619
1850,9.8077,9.7654
1860,9.8079,9.7652
1870,9.8080,9.7645
1880,9.8082,9.7624
1890,9.8088,9.7618
1900,9.8088,9.7648
1910,9.8088,9.7629
1920,9.8088,9.7606
1930,9.8089,9.7641
1940,9.8094,9.7628
1950,9.8095,9.7621
1960,9.8095,9.7652
1970,9.8101,9.7660
1980,9.8102,9.7653
1990,9.8104,9.7655
2000,9.8106,9.7637
2010,9.8111,9.7638
2020,9.8112,9.7694
2030,9.8115,9.7656
2040,9.8125,9.7635
2050,9.8138,9.7646
2060,9.8138,9.7676
2070,9.8143,9.7693
2080,9.8152,9.7650
2090,9.8159,9.7655
2100,9.8169,9.7695
2110,9.8173,9.7704
2120,9.8203,9.7717
2130,9.8203,9.7761
2140,9.8215,9.7730
2150,9.8223,9.7760
2160,9.8228,9.7744
2170,9.8229,9.7767
2180,9.8233,9.7767
2190,9.8237,9.7775
2200,9.8241,9.7751
2210,9.8245,9.7779
2220,9.8249,9.7781
2230,9.8260,9.7752
2240,9.8263,9.7796
2250,9.8270,9.7791
2260,9.8278,9.7831
2270,9.8289,9.7814
2280,9.8299,9.7811
2290,9.8301,9.7810
2300,9.8301,9.7856
2310,9.8307,9.7853
2320,9.8307,9.7836
2330,9.8307,9.7840
2340,9.8310,9.7835
2350,9.8311,9.7860
2360,9.8312,9.7873
2370,9.8314,9.7867
2380,9.8315,9.7823
2390,9.8315,9.7864
2400,9.8316,9.7839
2410,9.8316,9.7837
2420,9.8320,9.7869
2430,9.8322,9.7885
2440,9.8324,9.7860
2450,9.8324,9.7857
2460,9.8329,9.7871
2470,9.8329,9.7879
2480,9.8331,9.7856
2490,9.8331,9.7850
2500,9.8333,9.7908
2510,9.8339,9.7887
2520,9.8339,9.7883
2530,9.8343,9.7879
2540,9.8344,9.7864
2550,9.8349,9.7903
2560,9.8352,9.7910
2570,9.8355,9.7900
2580,9.8357,9.7901
2590,9.8360,9.7913
2600,9.8362,9.7920
2610,9.8362,9.7883
2620,9.8364,9.7901
2630,9.8364,9.7890
2640,9.8365,9.7924
2650,9.8366,9.7923
2660,9.8367,9.7894
2670,9.8367,9.7908
2680,9.8368,9.7917
2690,9.8369,9.7918
2700,9.8371,9.7898
2710,9.8372,9.7897
2720,9.8372,9.7937
2730,9.8373,9.7925
2740,9.8375,9.7941
2750,9.8375,9.7916
2760,9.8375,9.7942
2770,9.8378,9.7943
2780,9.8379,9.7893
2790,9.8379,9.7906
2800,9.8381,9.7918
2810,9.8383,9.7925
2820,9.8384,9.7926
2830,9.8384,9.7914
2840,9.8385,9.7950
2850,9.8385,9.7899
2860,9.8385,9.7929
2870,9.8385,9.7948
2880,9.8387,9.7930
2890,9.8388,9.7943
2900,9.8388,9.7942
2910,9.8388,9.7960
2920,9.8390,9.7948
2930,9.8390,9.7934
2940,9.8392,9.7950
2950,9.8393,9.7911
2960,9.8396,9.7959
2970,9.8396,9.7946
2980,9.8396,9.7945
2990,9.8399,9.7919
2999,9.8400,9.7934
